insert into covid_cases 
(id_update, patients_with_symptoms,positive_patients,intensive_care,covid_deaths,non_covid_deaths,covid_recovered,phc_referred)
values
(1,25,24,14,9,2,3,5),
(2,35,21,10,6,0,3,6);
(3,274,177,33,64,64,13,20),
(4,428,72,120,27,12,27,3),
(5,19,43,119,76,12,24,41),
(6,141,197,164,61,27,25,4),
(7,30,53,65,76,3,37,14),
(8,102,70,118,96,52,10,48),
(9,321,189,32,54,45,20,47),
(10,280,105,87,26,15,46,10),
(11,170,77,16,39,20,34,2),
(12,92,95,120,68,29,21,2),
(13,470,87,159,77,17,5,12),
(14,28,72,168,77,47,8,48),
(15,346,102,46,48,52,17,5),
(16,200,52,135,93,12,30,18),
(17,448,34,122,99,13,23,8),
(18,370,83,62,71,57,37,15),
(19,56,50,174,99,62,28,7),
(20,487,181,7,83,49,14,23),
(21,395,143,131,85,46,44,29),
(22,250,59,135,72,17,34,6),
(23,2,166,3,34,36,35,27),
(24,415,136,60,79,61,7,34),
(25,478,68,159,37,32,18,50),
(26,282,171,132,44,39,9,3),
(27,99,161,70,83,24,16,34),
(28,211,86,27,26,16,35,29),
(29,490,75,55,32,47,3,8),
(30,452,153,10,50,54,32,25),
(31,434,92,156,86,9,15,8),
(32,184,140,27,34,26,29,13),
(33,286,6,105,77,32,21,49),
(34,374,22,111,6,31,39,32),
(35,123,64,5,83,53,50,36),
(36,318,41,168,49,25,15,17),
(37,316,164,1,50,27,34,15),
(38,221,113,24,85,50,10,25),
(39,116,119,141,77,47,8,25),
(40,119,160,3,93,26,19,26),
(41,126,187,38,8,40,41,29),
(42,139,129,87,77,50,11,39),
(43,138,76,48,27,14,47,41),
(44,313,16,130,25,15,2,8),
(45,321,27,122,47,15,33,48),
(46,19,17,24,37,8,10,45),
(47,79,184,131,14,2,33,40),
(48,90,49,36,38,4,38,39),
(49,113,1,149,56,32,42,16),
(50,190,77,17,79,43,44,1);
